loss: 5.838510012626625
sparse_categorical_accuracy: 0.6100000135600567
